2348815290
1474593454129154325
32963625153765135622
34677245522136209921
37017035142169312423
27850247193635134126
12597765533085848486
39473929742668212113
14603405882307875692
13023341012277509110
21928409941552413425
33651758503207819994
5017766801190977655
369889952642286947
7428026601020974415
504120614514938734
17611425583708949821
2139978208327310362
3875203270457260621
752008384624489947
10055710802636296471
23764186713503421833
5871739213366420679
2086537264315301664
34826567102171597297
31030784292329858640
31663956022843412868
32081175822848160640
24483336243441094152
32806619991869610609
41623818351968369
65496204082180918
28963674542441964819
3746868240198459155
3640718952167457837
26909488611762429912
26449680922191726929
8067747013783705642
22948897673185358702
11206351301795875629
23990122112677509195
16455344012234223397
1536370684358021585
2309568253330136448
7291092764101628122
16097042384036229904
1384523264936491175
1625339583267709163
24842642202156673655
38347870682095990356
31717132913119483056
29869683894041449903
6759785992734955294
19859419973272006141
17261010044143207928
5981558332575317632
39124169942251434546
231059413421096820
22190475114176341465
2863121801311714145
4224131524942268625
11430979481158532485
23603721963766612013
9752705771138668283
3366437661464323912
33762841952502910227
2151250267587579339
6202854111703099489
3230341565992299725
3985192767882404779
27366323573743080358
30593271363900746492
40511685153023656802
2379080256646269192
24724083651143659743
10212484693194082032
35262598212774014651
23775613294164572323
28540483853002528736
11125904623845648845
19621015522869128375
256421299557804616
14457107392488378588
10154159342485855533
40521078343345918318
13806396542871308330
7776000802925740363
3571512601760595128
1119984257966757654
9782627001597169894
180007175961421443
26012085161933110023
4145928793104875017
79717212128420529
1175875059882234779
23785812521338922275
41452106283062856007
34380124592862520791
2941995337573971076
5763971532094557251
5606130931510468819
6647663381711093471
13245751593848111264
3511387598824878465
3261752703400415463
29194825093359396102
33947742182811767287
29618274273936896016
180663842937655601
15304537281023844844
12867340203303639471
8501171372764778457
8699750753106367749
4138937864145044584
3397789791796319429
23762463332563279061
36557069522907628141
23287048032029555080
28882947581741322282
1144451929847438579
40526034283618085246
36515414261597322319
5787921111288288436
2304987723469433141
29538261453937255825
